1.029442062156430859e+00 1.181305340644563801e-02
1.348368746107736493e+00 7.749385228195751485e-02
9.802332678434801938e-01 -4.924803598185746589e-02
8.584191311644930877e-01 3.574581676971771288e-02
1.752587173259302133e+00 -2.493936421623953459e-01
1.148302007442325801e+00 -2.031511565496187111e-01
7.660246448189890200e-01 -2.073693660781407710e-01
8.374693468404619257e-01 -2.083586556703413695e-01
8.849298847833223514e-01 -4.019778643202414625e-01
1.198154591304195105e+00 -5.772781682168476314e-01
7.312104328669242204e-01 -8.717155614044702627e-01
8.185565184654952642e-01 -6.036387021870215364e-01
8.145141597813335688e-01 -6.279551068846009887e-01
2.986111000855199427e-01 -1.126777973938692723e+00
6.730471272790263804e-01 -6.953322713226429697e-01
5.102289694284328769e-01 -6.136361436954906878e-01
6.200026358190732223e-01 -6.284120712018234078e-01
7.479054747164037842e-01 -9.460658618428418043e-01
9.023054930101261084e-02 -1.064358514130932853e+00
3.364101818216106987e-01 -8.044486222483424598e-01
1.485304637454254451e-01 -9.372629042554263545e-01
2.713336429032069952e-01 -1.082552498570011457e+00
1.749449898390140201e-01 -9.925726244998029912e-01
-7.684039530817884933e-02 -9.489770494569725878e-01
-6.789943355534423797e-02 -9.463485740331711860e-01
7.723881789396076780e-02 -1.147171269026865392e+00
-2.529738330342024000e-01 -8.229462334070386520e-01
-3.455660670887093777e-02 -1.045021716959489311e+00
5.255786317763438964e-02 -1.080192668863672933e+00
-2.728959859059723048e-01 -8.795319956017461083e-01
-4.394425959029543693e-01 -9.334773292706343151e-01
-1.735257700081400400e-01 -9.194130906523840796e-01
-4.417427806367829057e-01 -7.629811360642094753e-01
-2.096592273452094479e-01 -1.067643580800749392e+00
-3.814659266701008189e-01 -7.529914270771361773e-01
-6.348052760487959967e-01 -6.027449459033784596e-01
-4.697845404786255008e-01 -1.053653440494313864e+00
-6.639302067434913468e-01 -7.168404074025698236e-01
-6.663459896741078525e-01 -5.998681325993475699e-01
-7.281584199104218502e-01 -6.641003171328929700e-01
-7.590468812427039191e-01 -6.344660216692141752e-01
-8.556138003010357318e-01 -5.772199686424072107e-01
-6.744275023064927321e-01 -3.599848761106544393e-01
-1.118535663636969657e+00 -6.224644173018769600e-01
-9.756203566676056038e-01 -2.683422323143762056e-01
-9.802631155402827812e-01 -4.784076707025126107e-01
-1.053490502367293136e+00 -5.955830230430421146e-01
-7.431835808146182165e-01 -3.053265608983486978e-01
-1.317546735415926040e+00 -5.351425327386043901e-02
-9.448178184818791792e-01 -2.897618042317298692e-01
-1.091347550885717999e+00 -1.314520955450676765e-01
-9.681213987542984789e-01 9.152206193816989077e-02
-9.728498890302889057e-01 2.756339326907960019e-01
-8.910599389360237543e-01 1.124591318309104970e-01
-7.934762551657340568e-01 1.185155994915426531e-01
-1.105934339160325575e+00 5.289477625597390625e-02
-8.820948255932473669e-01 5.441733900337899499e-01
-8.788224189816616905e-01 3.434933587170659330e-01
-8.269512497450457467e-01 1.249559099563264830e+00
-7.420384942349708135e-01 7.983238816762875389e-01
-7.484414564742966069e-01 3.645871500263916376e-01
-6.491111761811342307e-01 7.223937900778902854e-01
-6.935013427791080209e-01 5.738443033381983582e-01
-8.571527747393853369e-01 1.135389918568612044e+00
-7.437069312232709173e-01 5.250362802907895254e-01
-5.849666556566822662e-01 7.608179687814052850e-01
-5.950231532637835219e-01 8.674239073585616744e-01
-1.421491566710544052e-01 9.086912303614103070e-01
-4.441154968560209193e-01 1.035281695844975758e+00
-1.861977497455466479e-01 9.349608863790455082e-01
-3.244302624909053967e-01 1.055804186339142747e+00
2.675014846838848492e-01 8.947959895901985705e-01
-3.381652152104415721e-01 1.018862563495624318e+00
-3.423522120806269942e-01 8.199275342076203232e-01
-2.121088220534423086e-01 7.787255491523913387e-01
7.480948753763635994e-02 6.929146738639961889e-01
9.184365512593078984e-02 1.337530268493271501e+00
-2.023034130657249199e-02 1.052077770878656615e+00
2.095894158139763042e-01 8.527488723966198947e-01
2.910417978219140278e-01 8.208639727042950085e-01
2.649436097500553755e-01 8.153632340591295824e-01
1.586207441836308130e-01 9.489623709452447153e-01
3.146118771449266105e-01 1.143145240552886799e+00
5.335793979084586525e-01 7.289247498781513679e-01
6.634104567977584521e-01 8.601227604335693888e-01
5.444726223602234239e-01 6.390902205061653740e-01
7.186700219912940391e-01 7.452187858396680520e-01
4.591220545357458938e-01 6.920984319758339831e-01
1.352153689890314814e+00 8.476531840665207929e-01
1.098122179479256166e+00 3.250700033051883153e-01
5.494046604485709473e-01 6.126947653951454464e-01
7.099121536236077112e-01 7.830712732702006518e-01
1.071144497078248659e+00 1.066759820759635380e+00
8.364319511522596562e-01 1.859493883082634358e-01
9.406230802945783065e-01 5.061277463003963639e-01
7.698633041609699301e-01 3.607148881392632234e-01
9.596527576841136220e-01 5.564261522471688481e-01
7.996069799613193529e-01 1.212458377540946569e-01
8.668169142628328050e-01 3.033079952746554619e-01
1.057206900193236931e+00 1.090924328542681185e-03
