9.147965210783336465e-01 -9.833272429584848096e-02
9.955013721008458827e-01 -7.892568055976022234e-02
1.069489407200289621e+00 -1.914743697464126593e-01
9.523769016739797033e-01 -2.206051298288668472e-01
1.152450714189666492e+00 -1.742515625129470447e-01
8.215038300322431430e-01 -3.502408641076335538e-01
7.641817044189044283e-01 -2.623075221654309064e-01
8.351818750136611458e-01 -5.229072048717713361e-01
9.716008881319491142e-01 -4.883588123033322237e-01
8.143944981396394889e-01 -5.244135353824369572e-01
7.940869696389877275e-01 -4.920746656324620494e-01
7.121112608536636079e-01 -6.724191105898124077e-01
6.994025560230443528e-01 -6.448351851251817868e-01
7.196511520209959434e-01 -7.940618047030694182e-01
6.587801902117277342e-01 -8.192227407568650754e-01
6.248422039753095403e-01 -1.117022982373069295e+00
6.153301274233760054e-01 -9.369098339965241662e-01
4.018505190016021800e-01 -9.132458678928215834e-01
3.268984309445300274e-01 -7.621537820681375530e-01
4.593780793334908963e-01 -7.840955424102552529e-01
3.182342749054213882e-01 -9.757514319514158929e-01
1.084128719179582034e-01 -8.670381062437956254e-01
1.523042185345320487e-01 -9.942237065281805952e-01
2.607303677533015160e-02 -8.273032794799218825e-01
1.223100660524659711e-01 -1.019815196197464857e+00
-1.079855738847824154e-01 -1.085610938010501014e+00
7.622633480550948179e-03 -1.010189731192639773e+00
1.985898622842850042e-02 -9.103460887955094893e-01
-3.169283889197933579e-01 -8.957971093957277642e-01
-8.587454853466991445e-02 -9.496465836248905168e-01
-5.045460206279086535e-01 -9.624680930394782230e-01
-3.407650818148739158e-01 -8.472619977398881952e-01
-4.323744685018892087e-01 -9.321573220394879788e-01
-3.606136988999106840e-01 -1.081447939560213012e+00
-5.028848095011735353e-01 -9.691797184636835594e-01
-6.702929925281587709e-01 -8.874852103139929671e-01
-7.209962555314978205e-01 -7.266939298573105166e-01
-5.738692007627645975e-01 -6.828366449587224274e-01
-5.759624120117591284e-01 -6.449458844939086610e-01
-8.129718209818326269e-01 -4.393395375498910793e-01
-7.972882523151609835e-01 -5.273134311087104287e-01
-8.236971887068970100e-01 -4.447772355298972857e-01
-1.034758278813720400e+00 -4.656699354745555408e-01
-1.018040178767334325e+00 -3.424330566024776923e-01
-9.353836980207174134e-01 -3.780968572040408482e-01
-9.388882759424890256e-01 -1.734881122385211749e-01
-8.554482222631905053e-01 -2.689434802373842914e-01
-1.010578053552630973e+00 -3.562474490835632612e-01
-8.836521030208119853e-01 -1.541049129449438837e-01
-8.475378417198372594e-01 -1.100584201350145314e-01
-9.990276300435310119e-01 6.693728422259177628e-03
-9.358486893847834942e-01 -1.082485113780478625e-01
-9.338394234410574146e-01 2.640838668485832041e-01
-1.178448917922121142e+00 1.340339263509036927e-01
-1.061274150253056270e+00 3.871860370389592076e-01
-8.839512874325583525e-01 3.793984488775886121e-01
-9.413253593854860046e-01 2.435636385611152643e-01
-9.885605688870002794e-01 3.436318039611511166e-01
-1.097862141661867019e+00 5.514093324039793798e-01
-7.975059569509800328e-01 6.351627910115852371e-01
-8.676617674478884767e-01 5.654368827773759154e-01
-9.026435324507933178e-01 4.653920839663213682e-01
-7.912997909099681593e-01 6.344883117271182815e-01
-5.689045443447521277e-01 6.023808269609715049e-01
-5.372088604471830786e-01 8.342718188277294944e-01
-6.263704077192792097e-01 8.292436854283466996e-01
-5.993037183107184918e-01 7.792928756259239753e-01
-3.814439765917986835e-01 7.671036722620944159e-01
-3.808820330732592407e-01 8.556369955244317316e-01
-4.236728495201046996e-01 8.591006886223075956e-01
-3.883310433889935465e-01 9.957598092522462752e-01
-9.996747694980150090e-02 8.734348209659281714e-01
-1.632486187023609037e-01 9.199011917320883969e-01
-1.510612150541631171e-01 9.601078913607361542e-01
2.884584741591685042e-02 1.215335074380675007e+00
1.197676717812077990e-01 9.770266112437282491e-01
1.633690113846801573e-01 9.889514207495975207e-01
1.862441897632791110e-01 9.779474580125250283e-01
2.301332443649784509e-01 9.819933818343433707e-01
2.196898060343440151e-01 7.349522263923119469e-01
2.138447283651008501e-01 9.790959872105811090e-01
2.970106395229140661e-01 8.606399326439457820e-01
3.990000171747715707e-01 9.019967014376413239e-01
5.081284359143359852e-01 9.168685626871558858e-01
6.210880413757694507e-01 9.277672102953887778e-01
4.518658710665746647e-01 7.756728078531350823e-01
6.201242711499957982e-01 7.890949861167109169e-01
5.830841692545455368e-01 6.698981490299862340e-01
7.442745748451563559e-01 6.453712520150148846e-01
9.604776230323939235e-01 7.794031243005361542e-01
8.046335110304767557e-01 5.824125808103410851e-01
7.356220109859912260e-01 5.737004782509784739e-01
1.110629055576081603e+00 4.130633194207745662e-01
7.745960638528733844e-01 5.335494286324741209e-01
8.829492914423998640e-01 4.838294912777999501e-01
9.595940035695287307e-01 5.103308898064836674e-01
1.025123075898040748e+00 2.858852579312494147e-01
9.862659361265075919e-01 2.719311460134897218e-01
1.047358822395892730e+00 1.368621197711462900e-01
9.001119103847531333e-01 1.364605804779102927e-01
