9.712720840560093993e-01 -1.114554128195306693e-02
7.391952772560096419e-01 -4.248325229174426676e-02
1.017596745656918600e+00 5.112521966876877599e-02
1.162915591045768027e+00 -4.842549068050108763e-02
5.592603578071627668e-01 7.958290445044624573e-02
8.444217365551680565e-01 1.493903618429717195e-01
1.216306352152891623e+00 3.292644419584718207e-01
1.124469742442407716e+00 2.797630799995213802e-01
9.367439024780611634e-01 4.255142919321105444e-01
6.773733548889185885e-01 3.263626015767590038e-01
5.648346056934816506e-01 6.733699264550498942e-01
7.913235484706573342e-01 5.835559415058175770e-01
7.700361533170284600e-01 5.936644920832513384e-01
2.197613462266769790e-01 8.292466166877840994e-01
7.186993382497576244e-01 7.424960645528592140e-01
8.011346433278777601e-01 9.634991397358046994e-01
7.955840602764483460e-01 8.063750027013982802e-01
5.142353011109432881e-01 6.504838910559018750e-01
7.908019453218434469e-02 9.328290584674104879e-01
4.424648484837631623e-01 1.058054294994051237e+00
1.649379920781361697e-01 1.040798349234088427e+00
2.178438574146843165e-01 8.691418049715369243e-01
1.722228078291360709e-01 9.771279790464116877e-01
-8.476958207688042868e-02 1.046902316943913558e+00
-7.542823019356641179e-02 1.051281201445443791e+00
5.842715722402674200e-02 8.677755295315005002e-01
-3.412863692275066030e-01 1.110234717560561801e+00
-3.160864108562555508e-02 9.558726832278120478e-01
4.493743839458083644e-02 9.235742965287726536e-01
-3.217928046869775183e-01 1.037124334156159566e+00
-4.128199529900043463e-01 8.769247013820202774e-01
-1.982173881170830876e-01 1.050239750679230699e+00
-5.683209955681507441e-01 9.816078900546130193e-01
-1.771040035516202593e-01 9.018632517168861940e-01
-5.353814999920187834e-01 1.056811766200888680e+00
-8.284255518920187189e-01 7.865865853669259389e-01
-3.529870843041499895e-01 7.916949660544355671e-01
-6.954599335954299022e-01 7.508828142885206613e-01
-8.289341703061379185e-01 7.462357401333274964e-01
-7.497173553810959623e-01 6.837626536404945998e-01
-7.755670008093132894e-01 6.482747267675953440e-01
-8.031987619458248462e-01 5.418593809740682721e-01
-1.153969088627062378e+00 6.159467370240109263e-01
-6.826233358640815263e-01 3.798794717136589894e-01
-9.529006941894324623e-01 2.620932391428455466e-01
-8.238961356576542938e-01 4.020943203024986978e-01
-7.193215113357636081e-01 4.066630684363582438e-01
-1.151247804983125178e+00 4.729740297168260055e-01
-7.577363162712386080e-01 3.077666397233359830e-02
-9.674140833127636840e-01 2.966917481195532336e-01
-9.031947964460576017e-01 1.087892198794770116e-01
-1.023778794510446843e+00 -9.678367440564127067e-02
-9.515252830895385427e-01 -2.695921115786105160e-01
-1.104663300399023385e+00 -1.394176421809283917e-01
-1.232774987167593927e+00 -1.841303576397878838e-01
-9.021491195997265455e-01 -4.314810937779700595e-02
-8.211522250990767047e-01 -5.065772716277172627e-01
-9.870898582716939318e-01 -3.858103792643139407e-01
-3.683120399961310465e-01 -5.565354199510137434e-01
-6.246419458394005808e-01 -6.720225254276821492e-01
-1.079864346946755260e+00 -5.260326793268016443e-01
-6.882023737888238735e-01 -7.658982611680976715e-01
-8.559194154035938418e-01 -7.082386872931514255e-01
-4.235318799050556970e-01 -5.610129731923466645e-01
-8.973697496384174244e-01 -6.335179297316317903e-01
-6.351222813644440413e-01 -8.260512618331300461e-01
-5.377637920010847061e-01 -7.839512918697204569e-01
-1.680396796010457106e-01 -1.074196898399923272e+00
-3.499599142835616017e-01 -8.157947563237257782e-01
-2.048782491629684011e-01 -1.028761892659646904e+00
-2.659313545615585306e-01 -8.654292459317143305e-01
3.066914691135156357e-01 -1.025887003687469212e+00
-2.934349747533965269e-01 -8.840942153392955527e-01
-4.336392615157020902e-01 -1.038558414065241076e+00
-3.256181132738510398e-01 -1.195457791987818430e+00
1.540154366825319532e-01 -1.426551091199594001e+00
5.109742219539686187e-02 -7.441379454532088822e-01
-1.827035428761433766e-02 -9.501487553169334355e-01
2.718028048725362744e-01 -1.105874237347045375e+00
3.836954209031142593e-01 -1.082187334836693715e+00
3.604614543347456346e-01 -1.109319139409717492e+00
1.713540421589105911e-01 -1.025140431379667705e+00
2.238017175387545799e-01 -8.131856640432445493e-01
6.538656591082516734e-01 -8.932482473792290323e-01
5.622481795612515043e-01 -7.289641748899953200e-01
7.724256770397319727e-01 -9.066565994154751618e-01
6.705026915045225744e-01 -6.952720808928952723e-01
6.655936701616734785e-01 -1.003341771324272713e+00
5.309151998443888409e-01 -3.328260411387964912e-01
8.372751205228310400e-01 -2.478531362737583787e-01
8.112402859689659129e-01 -9.046932297316647720e-01
6.354524504416991793e-01 -7.009382173979207264e-01
4.687051236876042526e-01 -4.667865027528457222e-01
1.139249499003692767e+00 -2.532695542995457849e-01
8.244302872654986070e-01 -4.436070643140056502e-01
1.065105503731230252e+00 -4.990488708299213316e-01
7.798609107744194358e-01 -4.521791891864912483e-01
1.222506286878182857e+00 -1.853708166971768101e-01
1.027804743359066464e+00 -3.596392630468390195e-01
9.458876356324662504e-01 -9.760547661867916003e-04
