7.616931643732933743e-01 2.826875612322200526e-01
1.096902296415600553e+00 -1.686542516757986998e-01
1.027359031920126453e+00 5.208841771980029511e-01
1.126563916998341019e+00 3.982528615352460832e-01
7.238421610363379166e-01 6.784654764442616948e-01
7.320785260765128033e-01 7.756989862407428493e-01
7.270575747360622509e-01 6.864033172075363343e-01
5.497403532905197343e-01 6.514023983382198901e-01
3.146148644320016508e-01 8.738888598147759312e-01
7.528606142795545297e-01 8.118671591112766039e-01
-9.206757308748969582e-02 7.458455869607483191e-01
3.885697629807909892e-01 1.162711228397383056e+00
1.082288658290597172e-01 7.076199039574418981e-01
-1.393352855859986694e-01 1.043038918998233866e+00
-9.251162798922263342e-02 9.521938224031395448e-01
-1.948388077880121583e-01 1.121428766783689968e+00
-4.228012478993942724e-01 4.916870452196995256e-01
-7.349699252760045765e-01 1.014076679907287781e+00
-4.433945582686151798e-01 8.715277784415773610e-01
-7.044981041019416912e-01 5.772512794263031655e-01
-6.999437372640968658e-01 7.834608242115056465e-01
-9.658551462341267158e-01 4.196436721090465727e-01
-9.959981565465123587e-01 4.286032339460337653e-02
-9.411255574898291787e-01 3.189647070861214573e-01
-9.021738175868880827e-01 -2.541526407584523972e-01
-6.998627361895172205e-01 -1.655475444771134785e-01
-9.021850365655538218e-01 -1.667805012077855642e-01
-9.970212558272176784e-01 -1.687636883901444673e-01
-8.340103741311191143e-01 -1.407676476137853794e-01
-1.049809689293058845e+00 -2.574863744109632258e-01
-1.086847499060529909e+00 2.541603057568384352e-02
-7.192519513201178771e-01 -6.706744045441681568e-01
-5.082903461777665832e-01 -8.627793232330898121e-01
-7.767840129335642496e-01 -9.405026060970046453e-01
-3.883963220872400646e-01 -7.339624713513723808e-01
-4.828300858472459045e-01 -8.838551336384169455e-01
-1.667413688140448325e-01 -1.101186423198055930e+00
-5.658831421961891817e-01 -8.587675536303166490e-01
2.976836735337979323e-01 -1.178603476885280221e+00
5.553491884073419316e-02 -7.275825122324939276e-01
2.838073289691966927e-01 -7.320540389174071683e-01
5.335837410291772720e-01 -1.002743372736266902e+00
2.980674952065295868e-01 -9.333293727881977198e-01
5.914997106442102526e-01 -7.356761666425710722e-01
6.433757387985911125e-01 -4.820186140181449419e-01
8.856771193807059239e-01 -2.081906647576355907e-01
8.780461391954184069e-01 -3.419910437005180270e-01
1.013749661293027460e+00 -2.453045751009854947e-01
1.004101981779581765e+00 -3.058771866022556019e-01
1.009161370135430058e+00 -6.049692205066723588e-02
7.614299897955307816e-01 7.624358069941676586e-02
6.695979439543043865e-01 2.615397047325668245e-01
9.682642960260521292e-01 3.205255244167299344e-01
7.975808530056941459e-01 2.446924109813334303e-01
6.644989843309886401e-01 5.088275794691662357e-01
6.327473823788996032e-01 2.834928304812582844e-01
5.153316271850132413e-01 4.580874821866546265e-01
6.509483242118082602e-01 7.886212809371681010e-01
6.436110681749815932e-01 8.853139405542930218e-01
7.321890135302361324e-01 7.669290268357845664e-01
-3.188174172440771947e-03 8.529651375399834867e-01
4.778938206279761403e-01 9.767400871402698304e-01
2.140158874327590666e-01 8.893111040452956750e-01
-1.266476307315900218e-01 1.379582007557361267e+00
3.067849566076896739e-02 1.154125455035075687e+00
-4.790429076182575741e-01 8.870248180320327025e-01
-5.316226657199438765e-01 7.926696341420031988e-01
-4.446523366909657105e-01 6.920285297454930040e-01
-4.451178934781102603e-01 7.035997003928907700e-01
-1.129675530243885007e+00 9.485491517257843563e-01
-8.928081901996273162e-01 6.949673178707032051e-01
-5.910476673803878311e-01 5.193486839557938106e-01
-6.599049639270275769e-01 2.424824322911953711e-01
-1.029049133547589090e+00 2.365595136921799235e-01
-8.860026222097280302e-01 4.421016848804195654e-01
-9.125843495047625265e-01 1.121279691185849553e-02
-8.967150695023319296e-01 5.665517324686841771e-02
-8.486470761077080649e-01 -1.467961143844263572e-01
-9.969251642491130383e-01 -3.775359942920268330e-01
-8.366866876110859996e-01 -4.929911392894357203e-01
-4.915357207094538383e-01 -6.091470536046436068e-01
-4.024670473510440494e-01 -7.958711937885758481e-01
-5.173784534231924415e-01 -1.124846132441442714e+00
-7.281678018082713422e-01 -1.090737795080506833e+00
-7.220876285952319007e-01 -7.314870710625249739e-01
-3.719314859507134030e-01 -9.691312777223404229e-01
-3.480424644310331495e-02 -1.313768114249887820e+00
-2.692800545485668495e-02 -1.020212648965727720e+00
1.815579018987943383e-01 -8.334658027122985313e-01
1.064752483557401819e-02 -8.751614390604885996e-01
2.817924916615719977e-01 -8.600915642163550201e-01
2.550359912812700802e-01 -1.184621291944897514e+00
1.947113560421493417e-01 -6.912023928993783484e-01
5.404838649408305606e-01 -1.071471015430514040e+00
6.505275667827744579e-01 -8.481810758530593519e-01
7.590581911652235503e-01 -3.544145681711053930e-01
7.659843138562458797e-01 -5.314115628362904298e-01
7.099055007121953809e-01 -6.589567334762655992e-01
1.078016192562640585e+00 -1.917745831075199359e-01
1.092310603266664515e+00 -1.589154367273477308e-01
