1.080652979441223183e+00 1.161608609547627596e-01
9.982443029688978786e-01 7.914314654379248082e-02
9.059860761368649928e-01 1.622018056087621563e-01
9.965349746601979142e-01 2.308337456289715761e-01
8.483219781844095753e-01 1.282670298978005607e-01
1.030050791629524731e+00 4.391530095738166439e-01
1.170659297585727066e+00 4.018321007608245954e-01
8.601603206496140075e-01 5.385462046876186015e-01
8.216479824236000429e-01 4.129875113631278349e-01
8.679949623834948280e-01 5.589285143225825037e-01
9.099076682402368332e-01 5.638456853274936842e-01
7.423626052240871465e-01 7.009842845927081179e-01
7.728406990768672546e-01 7.125436859928869771e-01
6.266380558028492587e-01 6.914313193122157974e-01
5.961179208558590181e-01 7.412993957527277411e-01
3.814273975884897583e-01 6.818732257559365628e-01
4.897443855855309058e-01 7.456913135734725140e-01
4.036662684712947202e-01 9.173723418474779567e-01
4.753220244367277192e-01 1.108198890946061166e+00
5.562595599321389361e-01 9.494589772300485730e-01
3.021123770037270062e-01 9.263194059132776603e-01
1.419930257146068964e-01 1.135597295204814561e+00
1.505462368922809713e-01 9.827478128123996459e-01
3.805668725526552276e-02 1.207547185382445321e+00
1.159356034997487683e-01 9.666652471485931430e-01
-9.072801696620506895e-02 9.121156100684920665e-01
7.469205559778049897e-03 9.898566913792368194e-01
2.395175764967849563e-02 1.097960824654249601e+00
-3.510131467381314985e-01 9.921375717701724772e-01
-9.445035019232572715e-02 1.044482374729510665e+00
-4.272513336884741220e-01 8.150213450736575327e-01
-4.086040938757121155e-01 1.015933672012522937e+00
-4.094978878177841786e-01 8.828376379660921591e-01
-2.774865344784135379e-01 8.321570752382159153e-01
-4.218115857727050555e-01 8.129321590553157950e-01
-5.419037063394085418e-01 7.174944839817321007e-01
-6.880262652025574965e-01 6.934633941150226688e-01
-7.213111568943690877e-01 8.582751778460731007e-01
-7.703246456872834269e-01 8.625870362354453036e-01
-9.520218348952427245e-01 5.144838011422557811e-01
-8.725662800364674121e-01 5.771010894236954236e-01
-9.399675588020324213e-01 5.075605186270966129e-01
-8.036500692683044011e-01 3.616648289389179372e-01
-8.824391105329066898e-01 2.968216070324814493e-01
-9.189348596477487918e-01 3.714479770635844003e-01
-1.029923954878409598e+00 1.903097176303776006e-01
-1.063828560036229387e+00 3.344559587196652695e-01
-8.801562785358614249e-01 3.102713619408250523e-01
-1.098264708997761074e+00 1.915323765903128583e-01
-1.160322100468550222e+00 1.506755343999423569e-01
-1.000928381438537018e+00 -6.706463919510486163e-03
-1.054441147905629039e+00 1.219659608345231572e-01
-9.915513221112146613e-01 -2.804044258027433845e-01
-8.377359062863797279e-01 -9.528205343230383706e-02
-8.315788828804943078e-01 -3.033860120601351573e-01
-9.552996970972069679e-01 -4.100217155004292069e-01
-9.956724701816923595e-01 -2.576257053256284513e-01
-9.025190793741579842e-01 -3.137230728349532649e-01
-7.273724259842273554e-01 -3.653281487727583765e-01
-7.672402307190659965e-01 -6.110580642971280563e-01
-8.089665437189988983e-01 -5.271864428198757002e-01
-8.752014691748714048e-01 -4.512432881713288602e-01
-7.692000752245427009e-01 -6.167680855170618592e-01
-8.286847485459221119e-01 -8.774473838910582524e-01
-5.456097072641103995e-01 -8.473181221739123359e-01
-5.799806671158453941e-01 -7.678289075429635124e-01
-6.201004405266024033e-01 -8.063354868496492855e-01
-5.197155790336255299e-01 -1.045175054986270613e+00
-4.342090773495190237e-01 -9.754341715071617180e-01
-4.617422632176017561e-01 -9.362957686469369767e-01
-3.399439049114350575e-01 -8.716853408291500571e-01
-1.293437964565373743e-01 -1.130101300423922428e+00
-1.870254837678170523e-01 -1.053883130955993508e+00
-1.599163166262446145e-01 -1.016388736812084970e+00
1.951850946553461419e-02 -8.223550797819902947e-01
1.236087781875098157e-01 -1.008361136827824023e+00
1.626024471099461466e-01 -9.843110374714676425e-01
1.879226910249726379e-01 -9.867610808387210497e-01
2.262258017064075477e-01 -9.653200722427555114e-01
3.733564607740862962e-01 -1.249030016627043160e+00
2.129167265495424122e-01 -9.748470966221438605e-01
3.583119294437066005e-01 -1.038271071087885744e+00
4.101566626711630192e-01 -9.272178969356010825e-01
4.624215485122509794e-01 -8.343949099740485265e-01
4.982646366924020076e-01 -7.442963978971081085e-01
5.607312414575066351e-01 -9.625510673901656045e-01
6.156760065943485127e-01 -7.834346637892641851e-01
7.392502918117542787e-01 -8.493154646741607472e-01
7.669386111310312337e-01 -6.650235657818419632e-01
6.277686936946551555e-01 -5.094183034258763509e-01
8.155293903415082868e-01 -5.902992734508313299e-01
8.452782881402787218e-01 -6.592197499790162230e-01
7.909797420673458923e-01 -2.941798760014021075e-01
8.755722625027242412e-01 -6.031028327991911908e-01
8.710245920752477389e-01 -4.772951168982421111e-01
8.123490255545969818e-01 -4.320231259288703218e-01
9.050998634334924686e-01 -2.524133091868459022e-01
9.422919551146192729e-01 -2.598067335063498629e-01
9.387528672401899144e-01 -1.226701915374420193e-01
1.086012302020943121e+00 -1.646438264288518361e-01
