8.871729298618113990e-01 1.593193117807664982e-01
1.050403393058973123e+00 -8.028070586512751905e-02
1.043844192473419197e+00 2.495028381408880280e-01
1.077369369936194587e+00 1.848265194131293865e-01
9.262673470184462632e-01 3.662363132135491028e-01
9.483365183429639522e-01 4.089787597740767722e-01
9.292305104482279088e-01 3.693396361234628777e-01
8.372912401084684486e-01 3.889939170113810851e-01
7.884833770285184507e-01 5.541580743960112798e-01
9.643849510259353552e-01 4.209248382855794723e-01
5.742120538364337001e-01 6.494513498781453453e-01
8.984685304735663403e-01 6.470517268893877239e-01
6.419024863459479313e-01 5.511895646218731848e-01
6.756364016625088231e-01 7.718936667945019980e-01
6.573300855251522634e-01 7.242889404966270650e-01
6.868005246860748869e-01 8.164151936956342004e-01
3.359104111479883636e-01 7.318722922867109126e-01
5.086455897033790308e-01 9.968401382371713249e-01
5.169330122031052799e-01 8.429794169337653242e-01
3.211626570374735423e-01 8.986899111358219727e-01
4.187139909504797863e-01 9.355560611111315428e-01
2.088355944003873199e-01 1.004722574506360822e+00
2.146820442694963305e-02 9.982279500934791994e-01
1.621458420785846233e-01 9.835735008595963835e-01
-1.325055566715733768e-01 9.590263500737253866e-01
-9.826766801018445296e-02 8.423296686960972668e-01
-8.742498982444045497e-02 9.538491313679314798e-01
-8.420887198555676578e-02 1.002054085340855050e+00
-7.679923080221755238e-02 9.164652180977362894e-01
-1.247310361814839008e-01 1.032166421019384606e+00
1.218887833498644158e-02 1.042591035744886430e+00
-3.634380759641139824e-01 9.226804356767379645e-01
-4.965291179831782808e-01 8.688104000200040922e-01
-4.706521303102023657e-01 9.991483577022463036e-01
-4.701046292192598286e-01 7.806373578689517201e-01
-5.120091995368556415e-01 8.631242704602956062e-01
-6.881124471004437249e-01 8.001500538452808176e-01
-4.809183570158036547e-01 8.928413119423681543e-01
-8.698561529910499024e-01 6.774703339354357645e-01
-6.265914888387700277e-01 5.805876118592716573e-01
-7.310781240918945434e-01 5.006674490682681000e-01
-9.136345112523994727e-01 5.487661424707556135e-01
-7.993237235961807574e-01 5.838243913174011590e-01
-8.762066109984876228e-01 4.198074731507822621e-01
-8.506725583564352933e-01 2.833161886339921054e-01
-9.474951994048712578e-01 1.098637042638325179e-01
-9.540290212322531938e-01 1.792351365049628664e-01
-1.014089797261887860e+00 1.209481526011427777e-01
-1.013350840361918692e+00 1.509236359309730491e-01
-1.005021004824495412e+00 3.009734212531790798e-02
-8.736897829776527624e-01 -4.363309620009996753e-02
-8.332050257211482958e-01 -1.569479879854308868e-01
-9.970460683620080422e-01 -1.607375700018072451e-01
-9.032864293729330196e-01 -1.354456366355467067e-01
-8.664399864967439191e-01 -2.936311731909422851e-01
-8.142787295858407992e-01 -1.740760382046628307e-01
-7.761546385325531761e-01 -2.951006535583834411e-01
-9.147464561277374173e-01 -4.310600361741347419e-01
-9.322419835178744618e-01 -4.748305462566191903e-01
-9.467074882093005073e-01 -4.050506816453056103e-01
-6.518369894585259727e-01 -6.542779493447683503e-01
-8.846687798920296331e-01 -5.520371631400156076e-01
-7.512377808149683922e-01 -5.918972173367935685e-01
-7.933269813245134028e-01 -8.694914203309052070e-01
-7.698089439504436360e-01 -7.496181124581557942e-01
-5.143305047493278437e-01 -8.623101389488331270e-01
-4.597897305151378844e-01 -8.619914512378454852e-01
-4.346931761916559278e-01 -7.959965415242429287e-01
-4.401465184316281087e-01 -7.992789570391515275e-01
-4.155850426273908771e-01 -1.141221476269832280e+00
-3.453988148331060826e-01 -1.006036048801304927e+00
-3.128547966779982037e-01 -8.300155367129096184e-01
-1.468673718732725897e-01 -8.255149840239059955e-01
-1.158453985623149052e-01 -1.021013853929343407e+00
-2.282284222064727974e-01 -9.685508943326540665e-01
-5.868664159154467382e-03 -9.553108346102725523e-01
-2.989964025311617202e-02 -9.474223229318579076e-01
7.938064474540836024e-02 -9.246341778605767781e-01
1.858659311845804463e-01 -1.015613759568185559e+00
2.592671251964512869e-01 -9.507397802862349590e-01
3.815724534232878828e-01 -7.982062752953781315e-01
4.946613659584556122e-01 -8.044606356577860273e-01
6.003119508869327881e-01 -9.368846736930152019e-01
5.400444393953334199e-01 -1.009859296303248000e+00
3.910028053275774740e-01 -9.353987504638154871e-01
5.771130012968017642e-01 -8.396373635186298312e-01
7.998202306430663988e-01 -8.212896247908110237e-01
7.048545797868753793e-01 -7.237043485439267343e-01
7.192250487386183666e-01 -5.794193376426727271e-01
6.655350224756866329e-01 -6.574871415519384366e-01
7.703471828263317445e-01 -5.582493084876091194e-01
8.563876360853883707e-01 -6.916384835726316904e-01
6.755794883315066057e-01 -5.115625953997330333e-01
9.328868964843606282e-01 -5.742770208630949558e-01
9.272138305089605570e-01 -4.573815920042311189e-01
8.935269198715444228e-01 -1.983233858371367675e-01
9.214813754445883021e-01 -2.883463393820084875e-01
9.161079306402690747e-01 -3.596501631722147652e-01
1.042342906751455134e+00 -9.199207950922827504e-02
1.047883731074153335e+00 -7.582684605879337625e-02
