7.825142438814819412e-01 -9.015393812163573217e-02
8.210217149455427688e-01 5.809801159783258839e-01
1.173857244677863232e+00 -2.870298703949293873e-01
1.195426309322594749e+00 2.564257122574743475e-01
1.103245581566750566e+00 1.129719314489231186e-01
7.633103786136670177e-01 9.101199004994693365e-01
5.764049588697781612e-01 5.814928996266783834e-01
1.159613002545649918e+00 5.435413424934937288e-01
8.164349263168693138e-01 6.624728520201514925e-01
1.021946266846496920e+00 4.052535466792271945e-01
9.091969439108901208e-01 5.972484225360527033e-01
4.227390731741524910e-01 4.678628413206472603e-01
4.861728254674991812e-01 6.241558457789179171e-01
3.688836926049124942e-01 6.682968118443136651e-01
7.855050742087078541e-01 6.874945758480727198e-01
7.692554738418907467e-01 9.620647132334840812e-01
9.168586286109564609e-02 7.152603097898595497e-01
1.631980645578906541e-02 1.019351514389454705e+00
2.957410077528239145e-01 5.932236581807637243e-01
6.667774404062929428e-01 6.586281103926949765e-01
4.087024778820178561e-01 6.493406306434670316e-01
1.039005129601197508e+00 1.136903036380710885e+00
6.071701048185972338e-01 5.960086103483711595e-01
2.826434719872359391e-01 8.861982719780016060e-01
8.414633318154160491e-02 8.017046942708353496e-01
4.137606328398886757e-01 1.005169358408090741e+00
-2.171278844465930336e-01 1.176215856089796841e+00
5.362144263033177816e-02 1.568492447084082642e+00
1.628964052896980097e-01 1.276105680536607112e+00
-3.408662069602200750e-01 9.524349406293395326e-01
-2.807956088147902096e-01 1.288772265928834315e+00
-5.684254370229810949e-01 1.118596612399600732e+00
-4.298339289581177280e-01 1.098055402171119521e+00
-6.090470395133225079e-01 5.623516301166177067e-01
-6.484757144252254468e-01 6.634616086821668590e-01
-5.676323413044832566e-01 6.978637902865970633e-01
-3.428702064961624552e-01 5.388951478311222454e-01
-9.794170935680039936e-01 7.534855873469451515e-01
-9.714762424952412267e-01 5.376426428176830363e-01
-1.083291323500921610e+00 9.391739440264519345e-01
-7.512068241559037851e-01 5.641468554214338349e-01
-4.391217098448481071e-01 9.872278065298374372e-01
-1.671936336143762247e+00 7.894485935315038727e-01
-1.231869833440929707e+00 1.032750926186806861e+00
-4.473641958323719692e-01 -2.509970469138022020e-01
-1.205556001922808873e+00 2.213893931464976927e-01
-1.198057337652002285e+00 -2.025338994935511616e-01
-1.101475102600174560e+00 3.792524642700361159e-01
-1.061443775625884767e+00 -3.325528256550504547e-01
-1.415408458090527510e+00 5.190012862948875094e-01
-7.429640346238675086e-01 -2.483844590805300290e-01
-8.554118236568033495e-01 2.288017838175893381e-01
-6.591304166075817594e-01 -2.670349339587272941e-01
-8.299257672629125615e-01 -1.353958345996460477e-01
-8.053977337643106749e-01 -1.064642665411481559e-01
-6.470066625689363526e-01 -6.367538489604320784e-01
-1.214465652233464033e+00 -1.907719731792197337e-01
-1.497842064487143299e+00 -5.901103172945909581e-02
-1.006757828809805355e+00 -5.831071304479815698e-01
-1.024073085396091543e+00 -4.640396794034136740e-01
-5.206348236843958421e-01 -3.992599008603571753e-01
-5.174039373171477330e-01 -5.945060464407363465e-01
-1.067447703147462512e+00 -1.077109688537271737e+00
-9.565556031937203496e-01 -8.910042114965389670e-01
-9.600508247402050888e-01 -9.651316554063125164e-01
-4.802396263454630776e-01 -8.598811730903680450e-01
-5.087401003138989353e-01 -1.014383139583590054e+00
6.133089736817620707e-02 -7.898669641339961522e-01
-2.259386839708976136e-01 -8.370369329452769236e-01
-4.095521109475702692e-02 -6.887790033229336251e-01
3.359253870487544091e-01 -3.490680564753633197e-01
7.294921607024215660e-02 -1.233081091804011376e+00
4.145722654278577446e-01 -1.037605726462802469e+00
-7.467521600011196858e-02 -1.148752115301174159e+00
-3.212835541986455712e-01 -7.039943037329225994e-01
-8.611293743910694576e-02 -7.207881320200453246e-01
1.543016163192929002e-01 -6.239397297622970573e-01
-2.392662635449751829e-01 -1.029267964144442216e+00
5.656688548332751143e-01 -8.884696882509286464e-01
1.751538880778258922e-01 -9.149118954420643046e-01
6.351553646212775295e-01 -1.178713073123414112e+00
2.146199392110977044e-01 -1.096973663069268579e+00
4.964433568506761985e-01 -9.422128813338227493e-01
6.592920799543366961e-01 -8.823828367030922548e-01
9.358450841543848320e-01 -9.724946527709714683e-01
5.795989944591206644e-01 -1.281347206571690212e+00
4.198809704657113229e-01 -8.523341867601554878e-01
7.659025585118294233e-01 -8.186930887784356070e-01
5.316224016586476031e-01 -4.400572302474392572e-01
9.581842256969542726e-01 -1.016570853721987966e+00
2.692861905421133351e-01 -1.119841018591407611e+00
8.470503818062877777e-01 -1.081539693729237639e+00
1.107021337768828051e+00 -5.480035352546810401e-01
2.220500672537200071e-01 -1.120742517167025554e+00
9.653433630495976692e-01 -1.149460661849513454e-01
1.257909186020207848e+00 1.995625680347781761e-01
1.325945642222318588e+00 2.900895576779008445e-01
1.353570453519080674e+00 -3.148263030672592278e-01
1.109671433778882887e+00 4.380291018424864458e-02
8.547047465420427592e-01 4.287754128440580126e-01
