1.451450183119764370e+00 1.068169437258268024e-02
5.405669015417633450e-01 2.925199132022536785e-01
1.560928096626216455e+00 2.213939083705426247e-01
1.340547074084184942e+00 -2.472271458478108586e-01
1.243224304966677574e+00 4.109300738887445847e-01
9.327061217419863048e-01 5.305345385658264412e-01
5.632807225029101694e-01 4.147732362774373405e-01
7.401483548380994870e-01 9.011388787134116951e-01
1.052861236904895303e+00 5.313120505197742593e-01
1.001861869701326402e+00 8.255583130129073854e-01
8.535237481362693002e-01 8.079730152102719831e-01
2.224822090601455971e-01 4.305611822004536959e-01
5.930412834443532510e-01 7.827378986567616881e-01
9.819537640818125634e-01 3.995810625008094363e-01
6.825335264976839511e-02 7.483457605182582961e-01
2.820594024473809802e-01 4.048043790150989696e-01
8.632336000243761021e-01 1.143577357735787503e+00
8.263345293139048309e-01 9.449500545887691283e-01
-6.646271402205078394e-02 7.166464609856327828e-01
7.630127135778133063e-01 9.540900073877149890e-01
2.618514918204744024e-01 1.268499507447353514e+00
4.379424762517863945e-02 2.803675106977502329e-01
-1.215381803104005898e-01 1.101297292756304724e+00
-5.753842905942621599e-02 9.137021291857627681e-01
2.836618226167443302e-01 1.117079400965145686e+00
-2.014728734697244505e-01 9.848803788414440818e-01
3.299788444128259890e-01 1.377616282021953076e+00
-2.889195445925077932e-01 9.132031042560210254e-01
-2.778275487414694211e-01 1.017383888340868126e+00
3.711155575943625440e-02 1.284513922728592217e+00
-5.019469849923940963e-02 7.973027607662618310e-01
-7.462226611082334315e-01 5.937904478643372119e-01
-7.310701812381152909e-01 7.546695135555807621e-01
-6.890230593231695400e-01 7.753951254699813500e-01
-8.172977343643057502e-01 4.415127882784614655e-01
-7.338194045805764842e-01 1.309558144391333334e+00
-3.614328824073809177e-02 1.261187703220261191e+00
-7.291276268487256740e-01 9.575861136353212011e-01
-6.193989604837224494e-01 3.831223065377959425e-01
-1.811211293360992514e-01 9.755316407745662222e-01
-8.604634845706142787e-01 6.098089829582677979e-01
-8.877426886046595467e-01 6.692367161761039185e-01
-6.220263452634029466e-01 1.715620563715718472e-01
-9.206980223832735843e-01 3.967937448807587475e-01
-1.273159791587677780e+00 6.885901203129739523e-01
-1.417065230810135024e+00 3.244011820752673581e-01
-9.491577970395036479e-01 6.546467707439986849e-01
-9.447110137999807922e-01 -6.856002160307106408e-02
-4.850951720057239402e-01 1.025013470089191497e-01
-1.006750504606117369e+00 5.430866196346331165e-01
-5.706315453879715616e-01 1.175466224776446633e-01
-6.163855234717017240e-01 1.044520471336680689e-01
-1.385861628087051711e+00 -4.937454573863797047e-01
-1.142332110862227301e+00 1.804618284331854228e-01
-8.753187730132682143e-01 -7.190955125246289992e-01
-5.804592164879542882e-01 -1.976292192894502087e-01
-1.099479378952455511e+00 -4.005958134723137665e-01
-2.935106894147317957e-01 -4.944114122808437317e-01
-1.023930994669956185e+00 3.187926149950626731e-01
-6.231804631962394314e-01 -3.149745684710925087e-01
-6.279651738364308011e-01 -5.092651538007734180e-01
-6.766002077776247514e-01 2.944674603787056366e-02
-9.042398511497005131e-01 -4.477440236179014432e-01
-6.313359465812314886e-01 -4.158374666154287524e-01
-6.913713617686689794e-01 -1.081537249918472998e+00
-6.956204846713098799e-02 -6.715495864539946513e-01
-8.228678408774441344e-01 -5.443765778234910258e-01
-7.920273860693702872e-01 -7.333179132241918197e-01
-5.591007301149685249e-01 -5.592607749403082362e-01
-8.408706565609364025e-02 -1.085266631336937238e+00
-5.600836480148763119e-01 -7.710783446281561648e-01
2.078845649901245596e-01 -1.089151611279392640e+00
-8.545446316205498882e-02 -1.121814052880311552e+00
-4.607589071340026932e-01 -1.639811899629305181e+00
5.426785767066961697e-01 -1.224352232523837181e+00
1.084967578958812712e-01 -7.911024312676260273e-01
4.418380508337784729e-01 -1.385193332952780576e+00
-1.579672129292221394e-01 -1.188130604301398607e+00
3.703720680191792125e-01 -8.923412461503541504e-01
3.223522023755514554e-01 -1.247816263855490382e+00
6.969503887854204827e-01 -1.377756469848823162e+00
7.775153785712771715e-01 -1.219385674905427930e+00
3.343000826075618326e-01 -1.112672137682131579e+00
5.389483529386625005e-01 -7.809053957942120316e-01
6.309327641517833429e-01 -8.776309917659669280e-01
1.117686111346569477e+00 -7.168500876458068216e-01
6.402865934324559749e-01 -4.367312178462574024e-01
8.142066840422211849e-01 -6.368879045338688982e-01
5.100334384004228117e-01 -9.487425186044371461e-01
1.037553513919422521e+00 -7.746145713113908871e-01
6.504323616578989720e-01 -6.698067544521073557e-01
6.427955098830081537e-01 -4.440885953786727347e-01
4.602767025862073424e-01 -1.041847411389923428e-01
1.212581119725814283e+00 5.278204782186646238e-02
1.178007721410666342e+00 -4.426471677489539625e-01
1.422872081677519995e+00 -3.009788553121678922e-01
7.076889731206312817e-01 -7.276274966750946316e-01
1.339489864522002360e+00 -4.778273003786768225e-01
1.447021539527254319e+00 -3.271422307678047980e-01
3.216253847235530650e-01 -6.777195191763900617e-01
