1.000000000000000000e+00 0.000000000000000000e+00
9.980267284282714479e-01 -6.279051952931337388e-02
9.921147013144777649e-01 -1.253332335643042306e-01
9.822872507286887211e-01 -1.873813145857246010e-01
9.685831611286311871e-01 -2.486898871648548226e-01
9.510565162951536422e-01 -3.090169943749473958e-01
9.297764858882514583e-01 -3.681245526846779192e-01
9.048270524660194658e-01 -4.257792915650726040e-01
8.763066800438634729e-01 -4.817536741017152679e-01
8.443279255020149643e-01 -5.358267949789965456e-01
8.090169943749473402e-01 -5.877852522924731371e-01
7.705132427757892533e-01 -6.374239897486897455e-01
7.289686274214115524e-01 -6.845471059286887261e-01
6.845471059286886151e-01 -7.289686274214114414e-01
6.374239897486897455e-01 -7.705132427757891422e-01
5.877852522924732481e-01 -8.090169943749473402e-01
5.358267949789965456e-01 -8.443279255020149643e-01
4.817536741017151569e-01 -8.763066800438634729e-01
4.257792915650726040e-01 -9.048270524660194658e-01
3.681245526846781413e-01 -9.297764858882514583e-01
3.090169943749474513e-01 -9.510565162951536422e-01
2.486898871648547671e-01 -9.685831611286311871e-01
1.873813145857247398e-01 -9.822872507286887211e-01
1.253332335643044804e-01 -9.921147013144777649e-01
6.279051952931351266e-02 -9.980267284282714479e-01
6.123233995736766036e-17 -1.000000000000000000e+00
-6.279051952931340164e-02 -9.980267284282714479e-01
-1.253332335643041195e-01 -9.921147013144777649e-01
-1.873813145857246010e-01 -9.822872507286887211e-01
-2.486898871648548781e-01 -9.685831611286311871e-01
-3.090169943749471737e-01 -9.510565162951536422e-01
-3.681245526846777527e-01 -9.297764858882514583e-01
-4.257792915650727150e-01 -9.048270524660194658e-01
-4.817536741017154345e-01 -8.763066800438634729e-01
-5.358267949789967677e-01 -8.443279255020149643e-01
-5.877852522924731371e-01 -8.090169943749474513e-01
-6.374239897486897455e-01 -7.705132427757892533e-01
-6.845471059286886151e-01 -7.289686274214114414e-01
-7.289686274214113304e-01 -6.845471059286888371e-01
-7.705132427757891422e-01 -6.374239897486898565e-01
-8.090169943749473402e-01 -5.877852522924732481e-01
-8.443279255020148533e-01 -5.358267949789969897e-01
-8.763066800438634729e-01 -4.817536741017151569e-01
-9.048270524660194658e-01 -4.257792915650729371e-01
-9.297764858882512362e-01 -3.681245526846781413e-01
-9.510565162951536422e-01 -3.090169943749475623e-01
-9.685831611286309650e-01 -2.486898871648552667e-01
-9.822872507286887211e-01 -1.873813145857245455e-01
-9.921147013144777649e-01 -1.253332335643045359e-01
-9.980267284282714479e-01 -6.279051952931358205e-02
-1.000000000000000000e+00 -1.224646799147353207e-16
-9.980267284282714479e-01 6.279051952931333225e-02
-9.921147013144777649e-01 1.253332335643042861e-01
-9.822872507286887211e-01 1.873813145857247953e-01
-9.685831611286311871e-01 2.486898871648545450e-01
-9.510565162951536422e-01 3.090169943749472847e-01
-9.297764858882514583e-01 3.681245526846779192e-01
-9.048270524660197989e-01 4.257792915650722709e-01
-8.763066800438634729e-01 4.817536741017154345e-01
-8.443279255020152974e-01 5.358267949789965456e-01
-8.090169943749476733e-01 5.877852522924725820e-01
-7.705132427757892533e-01 6.374239897486897455e-01
-7.289686274214117745e-01 6.845471059286883930e-01
-6.845471059286887261e-01 7.289686274214115524e-01
-6.374239897486896345e-01 7.705132427757892533e-01
-5.877852522924732481e-01 8.090169943749473402e-01
-5.358267949789963236e-01 8.443279255020152974e-01
-4.817536741017152679e-01 8.763066800438634729e-01
-4.257792915650721599e-01 9.048270524660197989e-01
-3.681245526846777527e-01 9.297764858882514583e-01
-3.090169943749476178e-01 9.510565162951536422e-01
-2.486898871648544618e-01 9.685831611286311871e-01
-1.873813145857246287e-01 9.822872507286887211e-01
-1.253332335643046191e-01 9.921147013144777649e-01
-6.279051952931320735e-02 9.980267284282716700e-01
-1.836970198721029688e-16 1.000000000000000000e+00
6.279051952931283265e-02 9.980267284282716700e-01
1.253332335643042028e-01 9.921147013144777649e-01
1.873813145857242679e-01 9.822872507286887211e-01
2.486898871648549891e-01 9.685831611286311871e-01
3.090169943749472292e-01 9.510565162951536422e-01
3.681245526846774752e-01 9.297764858882516803e-01
4.257792915650718824e-01 9.048270524660200209e-01
4.817536741017157675e-01 8.763066800438633619e-01
5.358267949789965456e-01 8.443279255020149643e-01
5.877852522924729151e-01 8.090169943749476733e-01
6.374239897486893014e-01 7.705132427757895863e-01
6.845471059286879489e-01 7.289686274214122186e-01
7.289686274214113304e-01 6.845471059286889481e-01
7.705132427757892533e-01 6.374239897486896345e-01
8.090169943749473402e-01 5.877852522924732481e-01
8.443279255020148533e-01 5.358267949789971007e-01
8.763066800438631399e-01 4.817536741017161561e-01
9.048270524660194658e-01 4.257792915650730481e-01
9.297764858882514583e-01 3.681245526846777527e-01
9.510565162951534202e-01 3.090169943749476178e-01
9.685831611286309650e-01 2.486898871648553777e-01
9.822872507286887211e-01 1.873813145857246842e-01
9.921147013144777649e-01 1.253332335643046747e-01
9.980267284282714479e-01 6.279051952931326286e-02
