7.288763377579234870e-01 -3.994016356381091537e-02
8.003903744529425879e-01 1.856304951163841588e-01
1.036439984358404898e+00 -8.104424550358391155e-02
9.739146779404316279e-01 6.568156812650173537e-02
1.000771850729279766e+00 2.857450218831367184e-01
7.002545501153548679e-01 3.904175788869865826e-01
8.786291170615517787e-01 7.613567165333109399e-01
1.233650594298063785e+00 6.477881171433552687e-01
7.627759029974356952e-01 2.927229053356876776e-01
8.814443273676295654e-01 8.187500502449487350e-01
1.210545958570162339e+00 8.628043324667058478e-01
8.575715873064616579e-01 7.659535531941198405e-01
9.146522782130765972e-01 5.410071717983746531e-01
6.282823563372254005e-01 7.307680616491258885e-01
1.149912697074923607e+00 8.093825753011006929e-01
3.922864377959575100e-01 1.136665412239680428e+00
7.771093931932711030e-01 6.858316644300830323e-01
6.006454167560493218e-01 7.622884475555287143e-01
2.530628294121503030e-01 1.053847132072769810e+00
7.065562757333136990e-01 9.804225665446157922e-01
1.432438146745735053e-01 1.025328993911706066e+00
4.191816832433536977e-01 7.018519646198582151e-01
1.941876303067179288e-01 9.195522816787173870e-01
-6.868381244650306749e-03 9.412160620262673971e-01
1.142920116202913311e-01 1.183303921006132464e+00
-1.806620974133239521e-01 9.563651364502954166e-01
-2.314781493421642633e-01 1.009724249369770899e+00
-3.250198433318144953e-01 9.958165665156677449e-01
-3.533852975397994145e-01 1.168844066252160419e+00
-5.354311752351434972e-01 1.122459807924839792e+00
-3.092581205523745047e-01 1.111184925473727381e+00
-1.891752962085824219e-01 1.077783504545989368e+00
-3.402230713826843722e-01 8.232885610775688701e-01
-5.337066537924584075e-01 6.366691947335925139e-01
-4.147904605622875218e-01 1.090718639307405091e+00
-4.413495129779824167e-01 5.673155710634532056e-01
-5.849872147303573078e-01 8.295962212278394921e-01
-7.540666473138049053e-01 7.411089283860193833e-01
-8.676588660600703662e-01 6.382061956293844096e-01
-9.052668983713498818e-01 7.150719580032556255e-01
-8.717096319916974867e-01 8.000484144389412577e-01
-4.686694055359738043e-01 2.564487773716405683e-01
-9.896977538119483553e-01 5.229453106117262218e-01
-1.006732355192371697e+00 6.815156194636412534e-01
-8.754384836388922064e-01 4.354049373959935076e-01
-1.240298647631696394e+00 5.609841320211244042e-01
-7.309741976147390297e-01 1.975199056981982171e-01
-1.167307216563105099e+00 9.228200361089511361e-02
-1.096403206007543041e+00 9.359533657403690254e-03
-1.121277679334050648e+00 -3.468387419092779089e-02
-1.038094861649208278e+00 6.683925207989716011e-02
-1.101911124188056590e+00 -1.275510900812638626e-01
-6.403948789119582319e-01 1.041333522765702513e-01
-9.317510816537913909e-01 1.847102019396557049e-03
-1.151504121250976231e+00 -8.851002347243269730e-02
-1.042573651131292189e+00 -4.061618094957910041e-01
-9.250863038084187195e-01 -4.527989689084222502e-01
-8.813861513337563069e-01 -7.492704863537245075e-01
-6.718606918624381308e-01 -6.195092369501867813e-01
-7.555916109916910317e-01 -6.109247361306661128e-01
-7.453525100635176592e-01 -5.652110322492746031e-01
-8.265202919904724999e-01 -7.861833354544254249e-01
-6.111882784183939599e-01 -5.007725232279219840e-01
-4.650556367737614938e-01 -6.096651717975066775e-01
-6.122002714840426574e-01 -6.538458806178916172e-01
-4.476638721513086505e-01 -9.762019822127285806e-01
-8.972739335279893425e-01 -9.015121738188095479e-01
-6.665695203109033296e-01 -8.735211606294593922e-01
-3.394953283295582547e-01 -1.001318080477004324e+00
-1.578996813099143304e-01 -1.178299303609281701e+00
-1.637603756966340973e-01 -5.844372863796443163e-01
-3.412912516615753677e-01 -9.247093232242186156e-01
-1.359923375853065441e-01 -1.230839066203706533e+00
-2.185372334215356371e-01 -9.820513627041267402e-01
-6.786985189552646736e-03 -1.162720715079911260e+00
2.802126444094585334e-02 -9.348740293393924539e-01
6.621966940307738581e-02 -1.009281271846685035e+00
1.395803610871104161e-01 -7.979846151427859580e-01
1.396834346800738536e-01 -1.055328930523970588e+00
2.934087329462689020e-01 -1.142369069777754875e+00
6.572946425949932614e-02 -9.248416581321950991e-01
6.361658328317054689e-01 -9.659484493188071896e-01
2.752641301506669747e-01 -1.018937365114459093e+00
5.112392847299064291e-01 -1.115779767967883807e+00
6.487661476492481150e-01 -5.959371115838649757e-01
5.018099845223835676e-01 -8.985418327650448456e-01
4.952926070863007402e-01 -8.738493136822308438e-01
9.158140605351903218e-01 -7.649460002789917334e-01
5.131853985639984739e-01 -8.467132252078020116e-01
7.672746134746681879e-01 -4.520995587940963567e-01
9.434998610945199982e-01 -5.221754387145665088e-01
1.030643272632548291e+00 -4.409683901021124175e-01
6.577095565800282762e-01 -7.291064288271784655e-01
9.242101626904509759e-01 -3.695258808138093265e-01
9.376865204112043717e-01 -5.202530096559393469e-01
8.329908434389812211e-01 -2.742336468089748847e-01
7.258914227074541037e-01 1.066640321791925139e-01
8.753470295197075535e-01 -3.828522131504373816e-01
6.003185989879418205e-01 7.614502322784527655e-02
1.263524368487860761e+00 7.271189532627168883e-02
