1.000000000000000000e+00 0.000000000000000000e+00
9.980267284282715590e-01 6.279051952931337388e-02
9.921147013144778759e-01 1.253332335643042583e-01
9.822872507286887211e-01 1.873813145857246010e-01
9.685831611286310761e-01 2.486898871648547948e-01
9.510565162951535312e-01 3.090169943749473958e-01
9.297764858882514583e-01 3.681245526846779192e-01
9.048270524660195768e-01 4.257792915650726595e-01
8.763066800438635839e-01 4.817536741017153235e-01
8.443279255020150753e-01 5.358267949789966567e-01
8.090169943749474513e-01 5.877852522924731371e-01
7.705132427757892533e-01 6.374239897486896345e-01
7.289686274214115524e-01 6.845471059286886151e-01
6.845471059286887261e-01 7.289686274214115524e-01
6.374239897486897455e-01 7.705132427757891422e-01
5.877852522924732481e-01 8.090169943749473402e-01
5.358267949789966567e-01 8.443279255020150753e-01
4.817536741017152124e-01 8.763066800438636950e-01
4.257792915650726595e-01 9.048270524660195768e-01
3.681245526846780858e-01 9.297764858882513472e-01
3.090169943749474513e-01 9.510565162951535312e-01
2.486898871648547393e-01 9.685831611286310761e-01
1.873813145857247120e-01 9.822872507286886101e-01
1.253332335643044804e-01 9.921147013144777649e-01
6.279051952931351266e-02 9.980267284282715590e-01
6.123233995736766036e-17 1.000000000000000000e+00
-6.279051952931340164e-02 9.980267284282715590e-01
-1.253332335643041473e-01 9.921147013144778759e-01
-1.873813145857246010e-01 9.822872507286887211e-01
-2.486898871648548504e-01 9.685831611286310761e-01
-3.090169943749471737e-01 9.510565162951536422e-01
-3.681245526846777527e-01 9.297764858882514583e-01
-4.257792915650727705e-01 9.048270524660194658e-01
-4.817536741017153790e-01 8.763066800438634729e-01
-5.358267949789967677e-01 8.443279255020149643e-01
-5.877852522924730261e-01 8.090169943749474513e-01
-6.374239897486896345e-01 7.705132427757892533e-01
-6.845471059286887261e-01 7.289686274214115524e-01
-7.289686274214113304e-01 6.845471059286888371e-01
-7.705132427757891422e-01 6.374239897486898565e-01
-8.090169943749473402e-01 5.877852522924732481e-01
-8.443279255020148533e-01 5.358267949789969897e-01
-8.763066800438636950e-01 4.817536741017152124e-01
-9.048270524660193548e-01 4.257792915650728816e-01
-9.297764858882513472e-01 3.681245526846781413e-01
-9.510565162951535312e-01 3.090169943749475068e-01
-9.685831611286309650e-01 2.486898871648552389e-01
-9.822872507286887211e-01 1.873813145857245455e-01
-9.921147013144777649e-01 1.253332335643045359e-01
-9.980267284282715590e-01 6.279051952931358205e-02
-1.000000000000000000e+00 1.224646799147353207e-16
-9.980267284282715590e-01 -6.279051952931333225e-02
-9.921147013144778759e-01 -1.253332335643043138e-01
-9.822872507286886101e-01 -1.873813145857247675e-01
-9.685831611286311871e-01 -2.486898871648545728e-01
-9.510565162951536422e-01 -3.090169943749472847e-01
-9.297764858882514583e-01 -3.681245526846779192e-01
-9.048270524660196878e-01 -4.257792915650722709e-01
-8.763066800438634729e-01 -4.817536741017153790e-01
-8.443279255020151863e-01 -5.358267949789964346e-01
-8.090169943749477843e-01 -5.877852522924726930e-01
-7.705132427757892533e-01 -6.374239897486896345e-01
-7.289686274214117745e-01 -6.845471059286883930e-01
-6.845471059286886151e-01 -7.289686274214115524e-01
-6.374239897486896345e-01 -7.705132427757893643e-01
-5.877852522924732481e-01 -8.090169943749473402e-01
-5.358267949789963236e-01 -8.443279255020152974e-01
-4.817536741017153235e-01 -8.763066800438635839e-01
-4.257792915650721599e-01 -9.048270524660197989e-01
-3.681245526846777527e-01 -9.297764858882514583e-01
-3.090169943749475623e-01 -9.510565162951535312e-01
-2.486898871648544340e-01 -9.685831611286311871e-01
-1.873813145857246287e-01 -9.822872507286887211e-01
-1.253332335643046191e-01 -9.921147013144777649e-01
-6.279051952931319347e-02 -9.980267284282715590e-01
-1.836970198721029688e-16 -1.000000000000000000e+00
6.279051952931283265e-02 -9.980267284282715590e-01
1.253332335643042306e-01 -9.921147013144778759e-01
1.873813145857242679e-01 -9.822872507286887211e-01
2.486898871648549614e-01 -9.685831611286310761e-01
3.090169943749472292e-01 -9.510565162951536422e-01
3.681245526846774752e-01 -9.297764858882515693e-01
4.257792915650718268e-01 -9.048270524660199099e-01
4.817536741017157120e-01 -8.763066800438633619e-01
5.358267949789966567e-01 -8.443279255020150753e-01
5.877852522924729151e-01 -8.090169943749475623e-01
6.374239897486893014e-01 -7.705132427757895863e-01
6.845471059286879489e-01 -7.289686274214122186e-01
7.289686274214113304e-01 -6.845471059286889481e-01
7.705132427757893643e-01 -6.374239897486896345e-01
8.090169943749473402e-01 -5.877852522924732481e-01
8.443279255020147422e-01 -5.358267949789971007e-01
8.763066800438631399e-01 -4.817536741017161006e-01
9.048270524660193548e-01 -4.257792915650729926e-01
9.297764858882514583e-01 -3.681245526846778082e-01
9.510565162951535312e-01 -3.090169943749476178e-01
9.685831611286309650e-01 -2.486898871648553500e-01
9.822872507286887211e-01 -1.873813145857246842e-01
9.921147013144777649e-01 -1.253332335643046747e-01
9.980267284282715590e-01 -6.279051952931326286e-02
