5.296654990778986161e-01 -5.822288029568591095e-02
6.061660707997676978e-01 2.971537229921756840e-01
1.067639671447605298e+00 -1.679949930841464767e-01
9.441957315162584630e-01 1.279364865370889170e-01
9.198940796811134746e-01 5.719311487733305110e-01
3.379305490532816814e-01 5.467833721212657094e-01
1.923250755379776189e-01 1.337900359233090253e+00
1.102264344099832538e+00 1.598288391386248009e+00
4.961403788853874230e-01 4.465639568909240964e-01
1.065924574724668172e-01 1.443365174640743431e+00
7.209902016872352659e-01 2.088928595408794830e+00
1.487441817046268877e-01 1.313720008831411379e+00
5.439000301030951778e-01 9.896668844299933987e-01
-1.392832406417643942e-01 9.182573594177991794e-01
6.671990576930829642e-01 1.861438600259872400e+00
-1.138119610103360824e+00 8.917968510667555471e-01
1.335339370542759641e-01 1.065932457155985835e+00
-2.203087606065698423e-01 9.157301245406247459e-01
-1.046552982147918920e+00 5.333790740204303882e-01
-4.620066382118011572e-01 1.385447434525321375e+00
-1.030780755313467800e+00 2.937440727687106734e-01
-3.168828966740233621e-01 5.884069758340138012e-01
-8.078675629763967247e-01 3.571313570446514318e-01
-8.858405007553126209e-01 -1.292926149516967008e-02
-1.387145505548274649e+00 2.704843709799383822e-01
-8.819954807758108029e-01 -3.455578628881802450e-01
-9.659609261424738635e-01 -4.674582011800410553e-01
-8.860127355876160626e-01 -6.473202888722955350e-01
-1.241315282695592215e+00 -8.261046162602974086e-01
-9.732294769929812350e-01 -1.201999948222820747e+00
-1.139091353472466039e+00 -6.872859232762704718e-01
-1.125829989975829726e+00 -4.077800274424231430e-01
-5.620523165001067856e-01 -5.602035257680824110e-01
-1.205048712203781180e-01 -6.795891709880095277e-01
-1.017616023959122762e+00 -9.048393734843802605e-01
-1.270575645651497720e-01 -5.007689019873621250e-01
-3.460198488775292347e-01 -9.706063656138063100e-01
1.937406485760828634e-02 -1.117691049844744766e+00
3.455247597129150194e-01 -1.107490528024606125e+00
3.081802521642741377e-01 -1.294661947067870855e+00
1.198002170608367667e-01 -1.394819817852221089e+00
1.538850362700338037e-01 -2.403793920823881491e-01
7.060298460096210427e-01 -1.035115598557834193e+00
5.490464954182689983e-01 -1.372207649366039339e+00
5.768150791271539068e-01 -7.623404763256707017e-01
1.223637538937520475e+00 -1.391575720577283182e+00
4.953091644314863706e-01 -2.887639091613587450e-01
1.354090169649862840e+00 -2.154428975478007713e-01
1.202012389273334758e+00 -2.052364541742582316e-02
1.256060663043861991e+00 7.778050792623537879e-02
1.073173456163888817e+00 -1.387709682812348078e-01
1.197938845028468036e+00 2.810999301257150473e-01
3.992618458803053882e-01 -1.333729310437009874e-01
8.681566663771401737e-01 -3.442078608995288985e-03
1.318127717002892441e+00 2.038393136010537843e-01
9.219924025403380963e-01 8.469072013522382925e-01
6.507577632493916076e-01 8.377562490315109134e-01
2.154352860421843152e-01 1.320793260550562120e+00
6.760509460327135400e-02 8.324478091050472317e-01
1.976896493846949654e-01 9.232192111352874875e-01
2.360868532816956522e-01 8.425629232051773387e-01
6.505155612577029345e-02 1.299592959955670590e+00
1.227779916559806339e-01 6.121325927018176349e-01
-1.554148764078345513e-01 5.670564493781483639e-01
-5.272526319585063570e-02 8.005692512459924304e-01
-7.525673676465572948e-01 8.740207187182660320e-01
-7.623687754724883803e-03 1.617806748651543280e+00
-3.187242926599300197e-01 1.164525162044404594e+00
-8.873808203325579402e-01 6.798856209877272017e-01
-1.363456939528345790e+00 3.721061690551991652e-01
-3.147494810624996142e-01 1.914153391773037727e-01
-7.386076139970676468e-01 6.311904046926436473e-01
-1.496470891011296267e+00 3.347693636087158420e-01
-9.166663565974935146e-01 4.292295757664177924e-01
-1.351873398107976909e+00 1.578273654566684017e-02
-8.732042594724018780e-01 -5.239270479018337534e-02
-1.014263641084609313e+00 -1.336685443128099171e-01
-6.172967688033721423e-01 -2.227659614471778071e-01
-1.094207689676845119e+00 -2.948239394656744783e-01
-1.218918407015758154e+00 -6.703621226409978151e-01
-8.510117301448673066e-01 -1.215786934277924281e-01
-5.283494398789507773e-01 -1.229006799466786815e+00
-9.624630126787933060e-01 -5.609538149724883072e-01
-9.835988843553181704e-01 -1.140860900984003834e+00
6.575647337272605419e-02 -7.732476482469683443e-01
-5.555641646624109864e-01 -9.017945263850826176e-01
-5.182978563885611845e-01 -8.656222095484934487e-01
2.535730101311260976e-01 -1.401096605211312518e+00
-4.535640324425081471e-01 -8.690417278953489477e-01
3.843163214208848433e-01 -6.937690284516165873e-01
6.175247990886285621e-01 -9.853449077883270624e-01
8.677724343534805040e-01 -9.089622094046947431e-01
-9.901432374042401507e-02 -9.590805320071429385e-01
7.176150482290881705e-01 -6.830391488505258568e-01
6.085928165048091198e-01 -9.756684687154689728e-01
6.186696522110357588e-01 -4.568682335095113345e-01
5.155411417995280354e-01 1.548530121405354287e-01
6.196566049747878058e-01 -6.702570950525625904e-01
3.545843557284762415e-01 9.142254732808872963e-02
1.591206810040708630e+00 1.837465032473657445e-01
