2.106593535483728186e+00 3.100789450622897653e-02
2.066446754226084204e-01 3.162531662380156372e-01
2.387481260173558884e+00 6.911599439949401846e-01
1.735945196191614359e+00 -6.628392540009337974e-01
1.376743146833669496e+00 1.021756511000479817e+00
5.884738129237225834e-01 9.896656238318124466e-01
1.452483348113416117e-01 4.672675364104503792e-01
-2.642316915593196924e-01 1.333952917120762693e+00
8.262242891493789543e-01 1.118795725385451467e+00
3.221806777767198815e-01 1.654190790045168447e+00
7.568239532460729890e-02 1.379248312670468435e+00
-1.358845982695699728e-01 1.915844059030095692e-01
-2.609806541242771782e-01 9.283917760398840979e-01
8.045681692851642808e-01 7.847402567569596865e-01
-5.553628571377167145e-01 1.021542141932236247e-01
-8.430907876082625874e-02 2.283577625061638805e-01
-5.625969249149207485e-01 1.974348798849255404e+00
-2.101018513308851032e-01 1.561689717167518365e+00
-5.091648576880550836e-01 -9.526053758280576822e-02
-3.280993411157119288e-01 1.455965611068752663e+00
-1.540524796625570625e+00 6.643169767972529893e-01
-7.668800492979763184e-02 2.455696837910438871e-02
-1.198084197759202496e+00 -2.676993378847435934e-01
-8.315409100599697734e-01 -1.051459702832033966e-01
-1.167402358450395417e+00 6.337455577707883370e-01
-9.293980418827189061e-01 -3.968533598982730837e-01
-1.788940582731965323e+00 9.091684575717957628e-01
-7.504654063752910220e-01 -5.276844500042280339e-01
-9.578818294158903957e-01 -5.653145436536164414e-01
-1.648598750112709954e+00 9.534062013422868465e-02
-6.331721845680733374e-01 -8.004074337854744092e-02
2.042611639765232190e-01 -8.861997762919509025e-01
-3.506246479468611010e-02 -1.103432756099917533e+00
-1.264848243235481284e-01 -1.068530243071198926e+00
4.730420443836057531e-01 -7.216948031057078827e-01
-1.176451615002680473e+00 -1.921958355561785625e+00
-1.589288085469144463e+00 -9.116694136632869094e-02
-3.853440687931437569e-01 -1.396404981076431850e+00
2.368723704814750808e-01 -4.746111168152737370e-01
-9.188571186603333718e-01 -3.533787849603746700e-01
3.685304125828067767e-01 -1.049436724797466969e+00
3.402092988928544504e-01 -1.188220003462255869e+00
3.574832350153037686e-01 -2.134322378213655003e-01
6.902395724439742697e-01 -7.306544324115354927e-01
1.146779501122943135e+00 -1.753370508133999861e+00
1.902837741439150632e+00 -9.193952719051387001e-01
4.723381292353380223e-01 -1.242726173516797594e+00
8.877784230327738779e-01 1.295388150295717078e-01
2.248107997646200396e-01 -9.944581711622006714e-02
7.186035020984993249e-01 -1.093505456723994795e+00
3.118031521359627689e-01 -1.341516216791097116e-01
3.690208833950697209e-01 -1.287654595003537017e-01
1.676827875514408372e+00 1.368525766868148308e+00
1.272356179985503433e+00 -4.122946828082756365e-01
2.490845982563945071e-01 1.258875603404810972e+00
2.978755936888521916e-01 2.294314035677607333e-01
1.048377898970132449e+00 8.808936724149865061e-01
-1.582941197928272592e-01 2.902300689461232985e-01
9.468059504704156026e-01 -6.528432787306618357e-01
2.891449109259285888e-01 3.925719949497021299e-01
1.349892626756933889e-01 6.396015616706787199e-01
4.569207303125061292e-01 -3.984734897519634500e-02
6.171749977216846039e-01 8.097359785388383857e-01
2.256642788044817827e-01 5.250662812191859707e-01
-6.917284630873498097e-01 1.495487762559351896e+00
-4.461399684795877563e-01 9.342872976198909885e-02
3.807656250674913423e-01 8.958999584357359991e-01
8.955221842839600210e-02 1.161615739937603919e+00
-1.789879717432607542e-04 6.253662151875788444e-01
-1.170733026482771555e+00 1.825137729671932330e-01
-2.808681207808456648e-01 8.637367443292194302e-01
-1.143035239991363916e+00 -4.528356178382195729e-01
-1.251164303965435431e+00 1.917280353130723924e-01
-2.476684295662550106e+00 1.511115877557063225e+00
-1.204538351669698804e+00 -1.328859453867403673e+00
-6.140715102836314943e-01 -1.716640979121733523e-01
-1.723539706492240198e+00 -1.224062244519603437e+00
-1.386700692516980249e+00 3.753713603148088329e-01
-6.590974308123634939e-01 -6.609965454310362531e-01
-1.453134485965906331e+00 -8.044726416276990477e-01
-1.412473045782142389e+00 -1.920455814625531499e+00
-8.823712602497294499e-01 -1.896182229296972110e+00
-1.126282740742701627e+00 -7.439327750845380338e-01
-3.193479100452178421e-01 -8.417353537284097964e-01
-3.721600048279048445e-01 -1.107452295080345150e+00
7.353481953392152493e-01 -1.602426773758578671e+00
2.192327650878640455e-01 -5.592662874407759999e-01
2.573063213974868813e-01 -1.037116777714240268e+00
-6.399782583213329268e-01 -9.677808178409963435e-01
4.764895601586114360e-01 -1.607408140794641449e+00
-2.557883121779375157e-02 -8.713279783053932137e-01
2.159713869803539243e-01 -5.709163101993256495e-01
2.010001826574331074e-01 -9.590761822250595814e-02
1.467567027343239738e+00 1.280050292985206173e-01
1.191765676586979517e+00 -1.042883562937660491e+00
1.933976689472296506e+00 -8.565088207978828194e-01
-2.861809124113134928e-02 -1.029867911872666575e+00
1.565914168169997955e+00 -1.280089651698295805e+00
1.986849296704089829e+00 -9.467637088200183682e-01
-3.558608585741037666e-01 -4.359436021795357052e-01
