1.000000000000000000e+00 0.000000000000000000e+00
9.921147013144777649e-01 1.253332335643042306e-01
9.685831611286311871e-01 2.486898871648548226e-01
9.297764858882514583e-01 3.681245526846779192e-01
8.763066800438634729e-01 4.817536741017152679e-01
8.090169943749473402e-01 5.877852522924730261e-01
7.289686274214116635e-01 6.845471059286886151e-01
6.374239897486898565e-01 7.705132427757892533e-01
5.358267949789965456e-01 8.443279255020151863e-01
4.257792915650726040e-01 9.048270524660195768e-01
3.090169943749474513e-01 9.510565162951536422e-01
1.873813145857247120e-01 9.822872507286886101e-01
6.279051952931352654e-02 9.980267284282715590e-01
-6.279051952931336000e-02 9.980267284282716700e-01
-1.873813145857244344e-01 9.822872507286886101e-01
-3.090169943749471737e-01 9.510565162951536422e-01
-4.257792915650726040e-01 9.048270524660195768e-01
-5.358267949789968787e-01 8.443279255020150753e-01
-6.374239897486898565e-01 7.705132427757892533e-01
-7.289686274214113304e-01 6.845471059286888371e-01
-8.090169943749473402e-01 5.877852522924731371e-01
-8.763066800438635839e-01 4.817536741017151569e-01
-9.297764858882512362e-01 3.681245526846780858e-01
-9.685831611286309650e-01 2.486898871648552389e-01
-9.921147013144777649e-01 1.253332335643045081e-01
-1.000000000000000000e+00 1.224646799147353207e-16
-9.921147013144777649e-01 -1.253332335643042861e-01
-9.685831611286311871e-01 -2.486898871648546006e-01
-9.297764858882514583e-01 -3.681245526846779192e-01
-8.763066800438634729e-01 -4.817536741017153790e-01
-8.090169943749476733e-01 -5.877852522924726930e-01
-7.289686274214117745e-01 -6.845471059286882820e-01
-6.374239897486895234e-01 -7.705132427757893643e-01
-5.358267949789963236e-01 -8.443279255020151863e-01
-4.257792915650722709e-01 -9.048270524660196878e-01
-3.090169943749475623e-01 -9.510565162951534202e-01
-1.873813145857247120e-01 -9.822872507286886101e-01
-6.279051952931336000e-02 -9.980267284282716700e-01
6.279051952931286040e-02 -9.980267284282715590e-01
1.873813145857243234e-01 -9.822872507286888322e-01
3.090169943749471737e-01 -9.510565162951536422e-01
4.257792915650719379e-01 -9.048270524660199099e-01
5.358267949789968787e-01 -8.443279255020150753e-01
6.374239897486891904e-01 -7.705132427757894753e-01
7.289686274214113304e-01 -6.845471059286889481e-01
8.090169943749472292e-01 -5.877852522924732481e-01
8.763066800438630288e-01 -4.817536741017160451e-01
9.297764858882515693e-01 -3.681245526846778082e-01
9.685831611286309650e-01 -2.486898871648553500e-01
9.921147013144777649e-01 -1.253332335643046469e-01
1.000000000000000000e+00 -2.449293598294706414e-16
9.921147013144777649e-01 1.253332335643041473e-01
9.685831611286311871e-01 2.486898871648549336e-01
9.297764858882512362e-01 3.681245526846781968e-01
8.763066800438639170e-01 4.817536741017148794e-01
8.090169943749476733e-01 5.877852522924729151e-01
7.289686274214116635e-01 6.845471059286886151e-01
6.374239897486903006e-01 7.705132427757886981e-01
5.358267949789963236e-01 8.443279255020151863e-01
4.257792915650730481e-01 9.048270524660193548e-01
3.090169943749485060e-01 9.510565162951533091e-01
1.873813145857247120e-01 9.822872507286886101e-01
6.279051952931413716e-02 9.980267284282714479e-01
-6.279051952931352654e-02 9.980267284282715590e-01
-1.873813145857249340e-01 9.822872507286887211e-01
-3.090169943749471737e-01 9.510565162951536422e-01
-4.257792915650733256e-01 9.048270524660192438e-01
-5.358267949789965456e-01 8.443279255020151863e-01
-6.374239897486906337e-01 7.705132427757885871e-01
-7.289686274214117745e-01 6.845471059286882820e-01
-8.090169943749472292e-01 5.877852522924733591e-01
-8.763066800438639170e-01 4.817536741017146018e-01
-9.297764858882514583e-01 3.681245526846779748e-01
-9.685831611286308540e-01 2.486898871648555165e-01
-9.921147013144778759e-01 1.253332335643038697e-01
-1.000000000000000000e+00 3.673940397442059375e-16
-9.921147013144778759e-01 -1.253332335643031481e-01
-9.685831611286311871e-01 -2.486898871648547671e-01
-9.297764858882515693e-01 -3.681245526846772531e-01
-8.763066800438634729e-01 -4.817536741017156010e-01
-8.090169943749476733e-01 -5.877852522924728040e-01
-7.289686274214122186e-01 -6.845471059286879489e-01
-6.374239897486910778e-01 -7.705132427757880320e-01
-5.358267949789958795e-01 -8.443279255020156304e-01
-4.257792915650726040e-01 -9.048270524660195768e-01
-3.090169943749478954e-01 -9.510565162951534202e-01
-1.873813145857257112e-01 -9.822872507286884991e-01
-6.279051952931541392e-02 -9.980267284282714479e-01
6.279051952931269387e-02 -9.980267284282716700e-01
1.873813145857249340e-01 -9.822872507286887211e-01
3.090169943749471737e-01 -9.510565162951536422e-01
4.257792915650716048e-01 -9.048270524660200209e-01
5.358267949789949913e-01 -8.443279255020160745e-01
6.374239897486890793e-01 -7.705132427757896973e-01
7.289686274214117745e-01 -6.845471059286883930e-01
8.090169943749472292e-01 -5.877852522924734702e-01
8.763066800438630288e-01 -4.817536741017162671e-01
9.297764858882514583e-01 -3.681245526846780858e-01
9.685831611286308540e-01 -2.486898871648556275e-01
9.921147013144777649e-01 -1.253332335643040085e-01
