1.261191603860372323e+00 1.453026455466994993e-01
8.115953983341192002e-01 -5.743097655862945405e-01
8.038317875785520039e-01 1.965517824710557304e-01
7.997242061052728390e-01 -1.715453705183161981e-01
8.970107312351806028e-01 -9.185356055914369044e-02
5.409861762714912592e-01 -6.450354910855948809e-01
8.598225230500673444e-01 -8.674121976207115337e-01
7.070209563442653167e-01 -3.313994573523829090e-01
7.385635423109909725e-01 -5.992863368549381509e-01
8.455588030058597271e-01 -3.353069676562919210e-01
7.683280256489440907e-01 -5.047121026773342400e-01
1.063216449739214253e+00 -1.176705681305483919e+00
7.767151314911043825e-01 -9.971583445844447446e-01
6.330639210474277023e-01 -1.146905131918596554e+00
7.208670763901240397e-01 -6.309217103720329289e-01
5.069821844888388052e-01 -6.340542076337435384e-01
1.763177435957285211e-01 -1.375491051404418741e+00
1.570202827394920689e-02 -9.807644682182151685e-01
6.730916105201264488e-01 -1.350147111885326989e+00
7.590963531641183870e-01 -7.498187047027612406e-01
6.942682007543879985e-01 -1.103043352342235828e+00
4.380143391534707664e-01 -4.792852489121122717e-01
8.387696789595947555e-01 -8.233507328369131795e-01
3.266668210132979699e-01 -1.024228758085752533e+00
1.294935455175332262e-01 -1.233750531888340385e+00
3.501806739512918765e-01 -8.507113906574610418e-01
-1.517710021339645499e-01 -8.221673584652687827e-01
2.177039737953461243e-02 -6.368106150225720796e-01
9.842796414616437894e-02 -7.710697111283487670e-01
-3.330976739687777632e-01 -9.307284114768474836e-01
-1.613971814020897233e-01 -7.407673220676881387e-01
-3.610504088819176949e-01 -7.105061420122119609e-01
-3.091256551165306177e-01 -7.896935832244806885e-01
-8.863021629598255569e-01 -8.183497066410739817e-01
-7.534264709845128749e-01 -7.708377158058583589e-01
-7.014558457787515300e-01 -8.623903178752578835e-01
-8.404341543276916404e-01 -1.320925175934802853e+00
-6.414002205614104390e-01 -4.934422985753398327e-01
-7.880077788949502171e-01 -4.361059656155706343e-01
-5.270034534742591426e-01 -4.568927131396521846e-01
-8.511551018018588266e-01 -6.392067520113132728e-01
-3.761385771805439426e-01 -8.456299339707058493e-01
-4.890704502691639033e-01 -2.309274406903087384e-01
-4.767154655781916661e-01 -3.996593838394860709e-01
-1.700136757836865797e+00 9.538745155335485171e-01
-8.024315923693804420e-01 -1.473592624423015196e-01
-8.114932876601176348e-01 1.371845026088271691e-01
-8.116509254428487807e-01 -2.794621620358057612e-01
-8.579026969569016892e-01 2.687829280847955915e-01
-6.227752918212228206e-01 -2.283589416753477042e-01
-1.210649603048967737e+00 4.047390355060884737e-01
-1.090975680650134727e+00 -2.918093658879650221e-01
-1.303245974604678947e+00 5.279868657126914888e-01
-1.173688906325013770e+00 1.914780758721509324e-01
-1.220299320006176469e+00 1.613094581951459994e-01
-7.851326222089430873e-01 7.726909907711728698e-01
-8.035790147200898570e-01 1.262286454636552535e-01
-6.665924777277653090e-01 2.626198768645247872e-02
-7.437767702475270859e-01 4.307903308838705869e-01
-8.101469027558008129e-01 3.671030069880842350e-01
-1.209459257623322292e+00 9.274995857481317385e-01
-8.329851200486834140e-01 9.571142674945635198e-01
-4.641864310928522919e-01 4.683880069659770440e-01
-5.597535308991821168e-01 5.213944194838663337e-01
-5.180568186477468862e-01 5.207985057575764687e-01
-4.950792656544372172e-01 8.864519218524857802e-01
-3.950490694395372704e-01 7.876931956030150950e-01
9.771492127548719875e-02 1.258448702537819264e+00
-3.005786367519617808e-01 1.113556190528850243e+00
-8.602339968837267870e-02 1.446729486089570083e+00
1.431331231894774847e+00 1.487330313673145277e+00
4.781013950465522883e-02 8.081482186585294825e-01
3.320573951094880072e-01 8.310846706649325233e-01
-5.634981579497971849e-02 8.668467740517470377e-01
-5.365178147666032071e-01 1.175614128114984336e+00
-1.634173622657866531e-01 1.367846676586683241e+00
3.735123824026668760e-01 1.510348501190993176e+00
-2.142732425036622534e-01 9.217537851545744010e-01
5.099057458914442176e-01 8.008851737525060077e-01
2.018500368416495383e-01 1.054358551948259892e+00
3.542838157547042455e-01 6.574753020863132180e-01
1.717766264986220759e-01 8.779912802721144827e-01
4.376953911014049292e-01 8.307135746812590593e-01
5.434029654749977789e-01 7.272792510747452255e-01
5.137625224670565593e-01 5.338824922554332719e-01
2.930545036898796196e-01 6.478696016833148663e-01
4.651010759079610146e-01 9.441283963300218796e-01
6.093753075305663458e-01 6.513770546959244401e-01
1.116214204017260903e+00 9.239605581897244457e-01
4.909904536552880949e-01 5.209087889947809913e-01
2.029960211318433683e-01 8.441698054276407515e-01
4.488344116627924762e-01 5.730854298061490715e-01
7.255330651475160320e-01 3.591572005706277215e-01
1.701050763272770605e-01 8.585630879727988995e-01
1.021418842051554643e+00 1.216231263559038461e-01
7.754528610548644396e-01 -1.230226840394015170e-01
7.197293076930629807e-01 -1.574619274486787068e-01
7.008711641259851577e-01 1.630152881621833860e-01
8.997656563647050687e-01 -3.551713870690497571e-02
9.347486182354376449e-01 -4.689306176324099518e-01
